//***********************Create            1 . individual*********
121, 51, 52, 86, 0, 62, 61, 83, 83, 68, 42, 21, 91, 86, 55, 70, 100
//*********************End of            1 . individual creation***********************
//*********************Create            2 . individual*********
206, 0, 100, 41, 41, 0, 118, 99, 98, 22, 62, 69, 38, 25, 57, 106, 125
//*********************End of            2 . individual creation***********************
//*********************Create            3 . individual*********
73, 62, 61, 83, 83, 0, 76, 0, 69, 60, 34, 86, 55, 48, 17, 108, 124
//*********************End of            3 . individual creation***********************
//*********************Create            4 . individual*********
25, 47, 45, 89, 90, 0, 76, 120, 121, 56, 42, 4, 12, 48, 68, 94, 58
//*********************End of            4 . individual creation***********************
//*********************Create            5 . individual*********
125, 254, 255, 75, 74, 0, 52, 110, 109, 117, 1, 47, 65, 21, 27, 113, 49
//*********************End of            5 . individual creation***********************
//*********************Create            6 . individual*********
263, 11, 11, 0, 107, 278, 279, 74, 75, 54, 26, 30, 77, 76, 65, 118, 79
//*********************End of            6 . individual creation***********************
//*********************Create            7 . individual*********
34, 57, 58, 47, 47, 82, 81, 199, 199, 23, 125, 8, 4, 18, 62, 114, 79
//*********************End of            7 . individual creation***********************
//*********************Create            8 . individual*********
47, 82, 81, 236, 236, 0, 90, 0, 212, 4, 98, 18, 40, 12, 72, 84, 71
//*********************End of            8 . individual creation***********************
//*********************Create            9 . individual*********
85, 280, 276, 252, 253, 25, 24, 97, 97, 91, 42, 93, 7, 56, 52, 64, 94
//*********************End of            9 . individual creation***********************
//*********************Create           10 . individual*********
64, 0, 115, 241, 242, 0, 57, 213, 213, 44, 38, 101, 67, 8, 102, 92, 70
//*********************End of           10 . individual creation***********************
//*********************Create           11 . individual*********
18, 38, 39, 99, 98, 0, 70, 0, 29, 36, 38, 14, 57, 32, 46, 92, 111
//*********************End of           11 . individual creation***********************
//*********************Create           12 . individual*********
24, 0, 64, 91, 0, 68, 67, 55, 56, 56, 60, 44, 37, 51, 35, 127, 85
//*********************End of           12 . individual creation***********************
//*********************Create           13 . individual*********
43, 258, 259, 299, 299, 0, 70, 0, 37, 6, 43, 41, 58, 32, 28, 76, 108
//*********************End of           13 . individual creation***********************
//*********************Create           14 . individual*********
260, 0, 90, 83, 0, 77, 76, 120, 121, 3, 5, 12, 55, 48, 68, 124, 80
//*********************End of           14 . individual creation***********************
//*********************Create           15 . individual*********
252, 46, 46, 5, 6, 0, 55, 0, 134, 7, 56, 4, 43, 35, 16, 111, 84
//*********************End of           15 . individual creation***********************
//*********************Create           16 . individual*********
259, 65, 65, 68, 67, 36, 37, 41, 41, 41, 4, 31, 51, 28, 38, 79, 114
//*********************End of           16 . individual creation***********************
//*********************Create           17 . individual*********
43, 258, 259, 19, 20, 110, 110, 72, 73, 6, 61, 41, 42, 27, 60, 94, 58
//*********************End of           17 . individual creation***********************
//*********************Create           18 . individual*********
75, 69, 69, 0, 55, 67, 68, 0, 207, 65, 14, 17, 35, 51, 66, 126, 92
//*********************End of           18 . individual creation***********************
//*********************Create           19 . individual*********
68, 75, 74, 56, 0, 52, 51, 121, 121, 51, 34, 65, 35, 21, 68, 73, 73
//*********************End of           19 . individual creation***********************
//*********************Create           20 . individual*********
264, 83, 83, 140, 140, 91, 0, 76, 77, 54, 6, 55, 59, 37, 48, 111, 99
//*********************End of           20 . individual creation***********************
//*********************Create           21 . individual*********
98, 106, 107, 140, 140, 51, 51, 61, 62, 57, 43, 77, 59, 21, 86, 125, 97
//*********************End of           21 . individual creation***********************
//*********************Create           22 . individual*********
83, 121, 121, 51, 51, 91, 91, 61, 62, 55, 1, 68, 21, 37, 86, 111, 126
//*********************End of           22 . individual creation***********************
//*********************Create           23 . individual*********
106, 56, 56, 98, 99, 47, 48, 102, 102, 77, 32, 35, 57, 4, 13, 125, 106
//*********************End of           23 . individual creation***********************
//*********************Create           24 . individual*********
111, 97, 97, 0, 246, 255, 254, 0, 73, 75, 21, 52, 82, 47, 60, 92, 111
//*********************End of           24 . individual creation***********************
//*********************Create           25 . individual*********
259, 91, 0, 30, 29, 0, 35, 24, 25, 41, 17, 37, 46, 23, 56, 125, 110
//*********************End of           25 . individual creation***********************
//*********************Create           26 . individual*********
97, 236, 236, 134, 134, 0, 88, 94, 95, 52, 1, 40, 16, 81, 61, 106, 97
//*********************End of           26 . individual creation***********************
//*********************Create           27 . individual*********
259, 19, 20, 66, 66, 72, 72, 114, 114, 41, 36, 42, 31, 60, 98, 118, 113
//*********************End of           27 . individual creation***********************
//*********************Create           28 . individual*********
60, 0, 252, 100, 100, 0, 49, 254, 255, 24, 28, 7, 69, 11, 47, 76, 109
//*********************End of           28 . individual creation***********************
//*********************Create           29 . individual*********
60, 69, 69, 32, 33, 71, 70, 120, 121, 24, 34, 17, 10, 32, 68, 84, 92
//*********************End of           29 . individual creation***********************
//*********************Create           30 . individual*********
212, 111, 111, 38, 39, 72, 73, 62, 62, 72, 11, 75, 14, 60, 86, 110, 49
//*********************End of           30 . individual creation***********************
//*********************Create           31 . individual*********
63, 255, 255, 44, 44, 83, 83, 107, 107, 103, 104, 47, 6, 55, 77, 115, 114
//*********************End of           31 . individual creation***********************
//*********************Create           32 . individual*********
197, 25, 24, 85, 86, 203, 203, 118, 117, 20, 1, 56, 91, 78, 25, 84, 111
//*********************End of           32 . individual creation***********************
//*********************Create           33 . individual*********
34, 64, 64, 91, 91, 51, 52, 39, 39, 23, 43, 44, 37, 21, 14, 116, 129
//*********************End of           33 . individual creation***********************
//*********************Create           34 . individual*********
255, 246, 245, 271, 271, 79, 80, 236, 236, 47, 1, 82, 71, 9, 40, 50, 100
//*********************End of           34 . individual creation***********************
//*********************Create           35 . individual*********
267, 55, 56, 74, 75, 140, 140, 19, 20, 88, 23, 35, 65, 59, 42, 96, 119
//*********************End of           35 . individual creation***********************
//*********************Create           36 . individual*********
98, 74, 75, 140, 139, 0, 110, 82, 81, 57, 43, 65, 59, 27, 18, 58, 94
//*********************End of           36 . individual creation***********************
//*********************Create           37 . individual*********

65, 90, 89, 29, 29, 106, 107, 61, 61, 31, 58, 12, 46, 77, 86, 111, 84
//*********************End of           37 . individual creation***********************
//*********************Create           38 . individual*********
270, 63, 63, 121, 120, 70, 71, 77, 77, 50, 8, 103, 68, 32, 48, 111, 99
//*********************End of           38 . individual creation***********************
//*********************Create           39 . individual*********
278, 65, 65, 91, 0, 77, 76, 0, 111, 76, 81, 31, 37, 48, 75, 100, 92
//*********************End of           39 . individual creation***********************
//*********************Create           40 . individual*********
241, 44, 44, 63, 63, 60, 59, 207, 200, 67, 69, 6, 103, 24, 66, 109, 129
//*********************End of           40 . individual creation***********************
//*********************Create           41 . individual*********
263, 36, 37, 252, 253, 25, 24, 35, 35, 54, 66, 28, 7, 56, 23, 114, 106
//*********************End of           41 . individual creation***********************
//*********************Create           42 . individual*********
80, 0, 107, 91, 0, 103, 104, 0, 32, 9, 42, 77, 37, 15, 10, 104, 67
//*********************End of           42 . individual creation***********************
//*********************Create           43 . individual*********
86, 47, 46, 37, 36, 17, 17, 263, 264, 91, 32, 4, 28, 36, 54, 73, 73
//*********************End of           43 . individual creation***********************
//*********************Create           44 . individual*********
255, 75, 74, 109, 109, 106, 107, 200, 200, 47, 1, 65, 27, 77, 66, 106, 79
//*********************End of           44 . individual creation***********************
//*********************Create           45 . individual*********
196, 41, 41, 208, 209, 212, 212, 111, 111, 20, 1, 38, 95, 72, 75, 126, 92
//*********************End of           45 . individual creation***********************
//*********************Create           46 . individual*********
68, 0, 91, 63, 63, 0, 207, 0, 71, 51, 39, 37, 103, 66, 32, 109, 127
//*********************End of           46 . individual creation***********************
//*********************Create           47 . individual*********
52, 118, 117, 214, 213, 264, 264, 64, 64, 21, 5, 25, 102, 54, 44, 71, 111
//*********************End of           47 . individual creation***********************
//*********************Create           48 . individual*********
75, 213, 213, 91, 91, 0, 280, 0, 72, 65, 30, 102, 37, 93, 60, 127, 116
//*********************End of           48 . individual creation***********************
//*********************Create           49 . individual*********
81, 35, 34, 91, 0, 104, 103, 0, 207, 18, 121, 23, 37, 15, 66, 124, 110
//*********************End of           49 . individual creation***********************
//*********************Create           50 . individual*********
39, 262, 261, 34, 35, 134, 134, 111, 111, 14, 30, 89, 23, 16, 75, 93, 112
//*********************End of           50 . individual creation***********************